-9.951773881912231445e-01 -5.560048580169677734e+00 -1.776275277137756348e+00 2.697862386703491211e-01 -2.229582071304321289e+00 -1.977040648460388184e+00 -2.982914447784423828e+00 0.000000000000000000e+00 -4.687275886535644531e-01 -7.676976323127746582e-01
-1.992030620574951172e+00 -8.578094482421875000e+00 -2.530833721160888672e+00 -4.597094655036926270e-02 -3.007557392120361328e+00 -3.071417808532714844e+00 -4.560018539428710938e+00 0.000000000000000000e+00 -1.070558547973632812e+00 -6.985090374946594238e-01
-2.474175453186035156e+00 -1.130131530761718750e+01 -3.091534614562988281e+00 -1.993993669748306274e-01 -3.831887483596801758e+00 -3.581254482269287109e+00 -5.295450687408447266e+00 0.000000000000000000e+00 -1.243515729904174805e+00 -1.425662517547607422e+00
-2.992192745208740234e+00 -1.190603256225585938e+01 -3.617101192474365234e+00 -4.053574204444885254e-01 -3.963524341583251953e+00 -3.906539440155029297e+00 -5.809867858886718750e+00 0.000000000000000000e+00 -1.217963457107543945e+00 -1.418150901794433594e+00
-2.718561172485351562e+00 -1.183973693847656250e+01 -3.586790561676025391e+00 -2.039857953786849976e-01 -4.566227912902832031e+00 -3.822774410247802734e+00 -6.655817985534667969e+00 0.000000000000000000e+00 -1.125468969345092773e+00 -1.685001611709594727e+00
-1.888826966285705566e+00 -1.150845718383789062e+01 -2.840983390808105469e+00 7.230542600154876709e-02 -3.921517848968505859e+00 -3.142175197601318359e+00 -6.917020797729492188e+00 0.000000000000000000e+00 -8.647062182426452637e-01 -2.037001609802246094e+00
-2.435654640197753906e+00 -1.238664627075195312e+01 -3.781764984130859375e+00 2.393005043268203735e-02 -4.532000064849853516e+00 -3.707512617111206055e+00 -7.603424549102783203e+00 0.000000000000000000e+00 -1.289903879165649414e+00 -1.547011852264404297e+00
-2.518969058990478516e+00 -1.196990108489990234e+01 -3.546502113342285156e+00 -1.826994717121124268e-01 -5.090640068054199219e+00 -4.225865364074707031e+00 -6.932203292846679688e+00 0.000000000000000000e+00 -1.426223754882812500e+00 -1.589407205581665039e+00
-2.348484516143798828e+00 -1.239298725128173828e+01 -3.450622320175170898e+00 -1.301721781492233276e-01 -4.804889678955078125e+00 -4.279112815856933594e+00 -6.872536659240722656e+00 0.000000000000000000e+00 -1.228031158447265625e+00 -1.725490808486938477e+00
-2.845418930053710938e+00 -1.247025108337402344e+01 -4.055200576782226562e+00 -1.867442429065704346e-01 -4.914512157440185547e+00 -4.399770736694335938e+00 -7.248055458068847656e+00 0.000000000000000000e+00 -1.584190845489501953e+00 -1.446963787078857422e+00
-3.121210336685180664e+00 -1.274821472167968750e+01 -4.300554275512695312e+00 -4.359481930732727051e-01 -4.669696331024169922e+00 -4.440050125122070312e+00 -6.742929458618164062e+00 0.000000000000000000e+00 -1.725478410720825195e+00 -1.179101109504699707e+00
-2.541571140289306641e+00 -1.296576213836669922e+01 -4.097196578979492188e+00 -2.053316086530685425e-01 -4.713287353515625000e+00 -4.339617729187011719e+00 -7.087589740753173828e+00 0.000000000000000000e+00 -1.443986058235168457e+00 -1.398925304412841797e+00
-2.557070732116699219e+00 -1.240282440185546875e+01 -3.807795763015747070e+00 -3.310732841491699219e-01 -4.758656024932861328e+00 -4.211220264434814453e+00 -6.733017921447753906e+00 0.000000000000000000e+00 -1.363967180252075195e+00 -1.314116001129150391e+00
-2.210067749023437500e+00 -1.260750102996826172e+01 -3.422127962112426758e+00 -3.932895362377166748e-01 -4.308049201965332031e+00 -4.002155780792236328e+00 -6.882764816284179688e+00 0.000000000000000000e+00 -9.040271043777465820e-01 -1.669726371765136719e+00
-2.250386714935302734e+00 -1.219487571716308594e+01 -3.397679805755615234e+00 -3.710404038429260254e-01 -4.129391193389892578e+00 -4.443069458007812500e+00 -6.632546424865722656e+00 0.000000000000000000e+00 -1.301707029342651367e+00 -1.034799575805664062e+00
-2.720975875854492188e+00 -1.218252372741699219e+01 -3.807423114776611328e+00 -8.928248286247253418e-02 -4.446227073669433594e+00 -4.316108226776123047e+00 -6.898995399475097656e+00 0.000000000000000000e+00 -1.353199243545532227e+00 -1.076822757720947266e+00
-1.908491492271423340e+00 -1.201306343078613281e+01 -3.076743125915527344e+00 9.082250297069549561e-02 -4.468460083007812500e+00 -4.093284130096435547e+00 -6.151625633239746094e+00 0.000000000000000000e+00 -1.057690739631652832e+00 -1.092831611633300781e+00
-1.884600162506103516e+00 -1.130612277984619141e+01 -3.692937612533569336e+00 3.531606197357177734e-01 -4.321479797363281250e+00 -3.382525205612182617e+00 -6.865450382232666016e+00 0.000000000000000000e+00 -1.145969867706298828e+00 -1.634340524673461914e+00
-2.572649002075195312e+00 -1.249787902832031250e+01 -4.241537094116210938e+00 -2.021983265876770020e-01 -4.900220870971679688e+00 -3.746070384979248047e+00 -7.153923034667968750e+00 0.000000000000000000e+00 -1.512095451354980469e+00 -1.721231818199157715e+00
-3.113939762115478516e+00 -1.276090621948242188e+01 -4.482501029968261719e+00 3.406822681427001953e-03 -4.662012577056884766e+00 -4.316029071807861328e+00 -6.650320053100585938e+00 0.000000000000000000e+00 -1.516910672187805176e+00 -1.528960943222045898e+00
-3.234874010086059570e+00 -1.313374900817871094e+01 -4.385301589965820312e+00 -3.197179734706878662e-01 -4.921145915985107422e+00 -5.240092277526855469e+00 -6.341740608215332031e+00 0.000000000000000000e+00 -1.404841184616088867e+00 -1.200879216194152832e+00
-2.716840267181396484e+00 -1.296805572509765625e+01 -3.822231769561767578e+00 -2.257665097713470459e-01 -4.539497375488281250e+00 -3.762748479843139648e+00 -6.593822002410888672e+00 0.000000000000000000e+00 -1.267013669013977051e+00 -1.558459162712097168e+00
-2.500940084457397461e+00 -1.196193027496337891e+01 -4.071312904357910156e+00 3.476060330867767334e-01 -4.339264392852783203e+00 -3.459277629852294922e+00 -7.265132427215576172e+00 0.000000000000000000e+00 -1.157840967178344727e+00 -1.731302499771118164e+00
-2.540606021881103516e+00 -1.262698745727539062e+01 -4.187710762023925781e+00 4.471784830093383789e-01 -4.246417522430419922e+00 -3.774930238723754883e+00 -7.043686389923095703e+00 0.000000000000000000e+00 -1.143831968307495117e+00 -1.644107341766357422e+00
-2.622069120407104492e+00 -1.220639991760253906e+01 -4.134469985961914062e+00 1.109954714775085449e-01 -3.771963596343994141e+00 -3.801558971405029297e+00 -6.799890518188476562e+00 0.000000000000000000e+00 -9.693320989608764648e-01 -1.873503923416137695e+00
